radius = 1,  circumference = 6.2831853071795862,  area = 3.1415926535897931

radius = 0.56418958354775628,  circumference = 3.5449077018110318,  area = 1

